0.004311734691227854     0.004508958851161026     
0                        0.006666666666666663     
0                        0                        
0.006666666666666876     0                        
0.004919010031176787     0.01003028968012976      
0                        0.01333333333333333      
0.01333333333333353      0                        
0.009972996758295606     0.005847837909008703     
0.005153040827381068     0.01655114917836865      
0                        0.01999999999999999      
0.01685521984188722      0.005324438548687877     
0.02000000000000018      0                        
0.01013103200968099      0.01321309363474391      
0.01487152882826381      0.01019884876079691      
0.005334779898743162     0.02319616530924807      
0                        0.02666666666666665      
0.01063587660807921      0.01977441388718636      
0.02346098323543198      0.005333318608803391     
0.02666666666666684      0                        
0.02039393171564399      0.01064076050717258      
0.01663198143315478      0.01634469867907634      
0.005308083587855453     0.02990317102172999      
0                        0.03333333333333332      
0.005333615124827742     0.03658988022408034      
0                        0.03999999999999998      
0.0106321954527198       0.02647188225884309      
0.0158940015786678       0.02306306095111927      
0.03003527054085036      0.005411206870100987     
0.03333333333333349      0                        
0.02678424448344051      0.01088535716377333      
0.02361578337291449      0.01642292727620832      
0.0208440137679096       0.02107353709231961      
0.005364452933991828     0.04329438991904196      
0                        0.04666666666666665      
0.005373102197529262     0.04998423089851788      
0                        0.05333333333333332      
0.01066180016101238      0.03319515382976845      
0.01070693290348871      0.03989808842118341      
0.01598147522600779      0.02972525414529336      
0.02121931828634231      0.02655106812376619      
0.0366565196960963       0.00540088897540355      
0.04000000000000015      0                        
0.03330640418926267      0.01084661254880489      
0.02989309384653958      0.01665731717154978      
0.02648966031332959      0.02265011682978883      
0.04331537352842624      0.005389172499585777     
0.0466666666666668       0                        
0.005393076645640306     0.05667318102713056      
0                        0.05999999999999998      
0.01073235425615519      0.04660701866395479      
0.01073888430137541      0.05332554474408666      
0.0160518795526442       0.03648563107851589      
0.01609539849117482      0.04320317587249799      
0.02139863758140709      0.03310743332843375      
0.02670893257382159      0.02968718024958905      
0.0399553805053451       0.01077734348638247      
0.03651572565437378      0.01620111559035244      
0.03329010988425532      0.02172861565495893      
0.03133990245036583      0.02671786604723271      
0.0499839014029248       0.005381110379670356     
0.05333333333333345      0                        
0.04663178179566507      0.01077948270050794      
0.05665152364625416      0.005364466502347735     
0.0600000000000001       0                        
0.005435760842082005     0.06338016681333138      
0                        0.06666666666666664      
0.005442188832885232     0.07013794184659913      
0                        0.07333333333333331      
0.0108097579379847       0.06001491222749952      
0.01611501467135065      0.04993452846257793      
0.01609402967400175      0.05661594697369567      
0.02146703295277439      0.03978468087391837      
0.02143660391947626      0.04642140582205686      
0.02693366644599411      0.03633684252586358      
0.03302327658631695      0.03279175273391744      
0.04326481633279707      0.01620858248252249      
0.03990404044446527      0.02170616631684991      
0.03687712669557795      0.02710113921368907      
0.0499676174951072       0.01617027406412575      
0.05330766390007158      0.01075479605959139      
0.06331724381599685      0.005336985314533083     
0.06666666666666675      0                        
0.05997173920096812      0.01070969014162545      
0.06998936332741874      0.00529986417781108      
0.0733333333333334       0                        
0.005478318931094313     0.07671666530289285      
0                        0.07999999999999997      
0.00536791875034563      0.08308530261366695      
0                        0.08666666666666664      
0.01096081534558145      0.06674646729842114      
0.01153225428933533      0.07389238732093407      
0.01623809514001357      0.06331853906459524      
0.02139235505099763      0.05308841664547889      
0.02127834881032561      0.05992652755611504      
0.02681397678595863      0.04298492165510115      
0.02673542232856261      0.04953198266536962      
0.03219014219568599      0.03966508631422176      
0.03716283186474935      0.03741283600217084      
0.04002780073934071      0.03268522988553985      
0.04665454180767159      0.02163722888081407      
0.04337397688457115      0.02715350342338733      
0.05335679517162708      0.02154861689648427      
0.05664275964589605      0.016120463961381        
0.06663158883542684      0.01064227624811267      
0.06329082469681949      0.01603449262796849      
0.07666300337508833      0.005254740961477609     
0.08000000000000006      0                        
0.07332812210186074      0.01056294489432127      
0.08331512116262442      0.00512414538441421      
0.0866666666666667       0                        
0.006008476216367893     0.08998192560933613      
0                        0.09333333333333331      
0.004569071022368678     0.09568498171378001      
0                        0.1                      
0.01052672363321706      0.08005248215548419      
0.01018431660964189      0.08510116109432755      
0.01642788180206051      0.06978891343566483      
0.01670735130376771      0.07472251467517801      
0.01483999877246126      0.07813728735419043      
0.02205875679200259      0.06688518563842713      
0.02668893724589703      0.05607409244670376      
0.02687815218721482      0.06209547042322727      
0.03212092233391858      0.0461694102696105       
0.03196148339287791      0.05245728451068447      
0.03744534408787542      0.04296347717100199      
0.04312759571452768      0.03895863390617316      
0.04659844198402145      0.03270227278672781      
0.05005238946905605      0.02704135322653517      
0.05681222984267634      0.02684113046238246      
0.05998887149605495      0.02148626669237723      
0.06990418044111457      0.01590728365165571      
0.06661106719244166      0.02134022393968798      
0.08001218250505766      0.01054147299205061      
0.07658493922228093      0.01568060657458038      
0.08662666138848803      0.01001813524618454      
0.08992223660635638      0.004930521976054436     
0.09333333333333335      0                        
0.09547453528998293      0.004339673273717594     
0.1                      0                        
0.01304420972151295      0.08957798994229819      
0.01016138733826348      0.09510262715514849      
0.006666666666666663     0.1                      
0.01574681849292697      0.08337542948722447      
0.02105940985451423      0.07315811180827018      
0.01967672492818914      0.07863461089039933      
0.02565378608331228      0.07155484118340298      
0.02849510151945282      0.06749530661947011      
0.0318390434064335       0.0585730241242764       
0.03136032644526625      0.06375228306948436      
0.03735314948900271      0.04919826286345778      
0.03703142555345298      0.05519693469468874      
0.04256836222551573      0.04628087855176682      
0.04784194611796182      0.04372128079522863      
0.05013966639035619      0.03797007984854927      
0.05339091791281603      0.03241351053631794      
0.06012787055108647      0.03216026083604918      
0.06346073012879611      0.02687817122085721      
0.07005480018177192      0.02656140041041562      
0.07298479961110614      0.02118218110698277      
0.07873088644332966      0.02075231098313715      
0.08346277767900637      0.01657556982697813      
0.0896392771954321       0.01495273079233699      
0.09411710651022494      0.01010117772586666      
0.1                      0.006666666666666876     
0.01959344880890684      0.08916131464279499      
0.01655232692024981      0.09473884326808275      
0.01333333333333333      0.09999999999999999      
0.02271374204351644      0.08362616512585556      
0.02582903698408457      0.07735502962796163      
0.03071281851539393      0.07298321198055527      
0.03430676909352706      0.06770084742172369      
0.03715217155013922      0.06193407841437448      
0.04154406475344923      0.05784692688746008      
0.04296921210471184      0.05233548560084514      
0.04661258644939326      0.04850431760450814      
0.05102220681942623      0.04787853206793024      
0.05395392868922237      0.04294888737723525      
0.05671383504474012      0.03778057083332308      
0.06235006044510557      0.03726786962384157      
0.06698881534172967      0.03302070526402867      
0.07306548179066022      0.03135224937031046      
0.07718261057947723      0.02667787997725118      
0.08350049340808482      0.02363243001890585      
0.08912923387232702      0.02041832141809598      
0.09458511422071279      0.0170280858997834       
0.1                      0.01333333333333353      
0.02633424702333747      0.08906406566928747      
0.02316934865189738      0.09458539436402151      
0.01999999999999999      0.1                      
0.02942951604900074      0.08347453077942674      
0.03268356392478216      0.07818528394061265      
0.0368334210768836       0.07311195089431734      
0.04037067231692722      0.06770033419381299      
0.04368782705322372      0.06244739934027838      
0.04644555107903472      0.05720908517137369      
0.04864922201344298      0.0523060597100477       
0.05291194892338811      0.05160201012951326      
0.0562350297302851       0.04825521447415036      
0.06095625922592402      0.04334572113739546      
0.06717682272469334      0.04008864133738827      
0.07268420023603646      0.03687556828201554      
0.07804022624096797      0.03342538208160269      
0.08344986463430924      0.0301000387553605       
0.08904003392497557      0.02682080705737432      
0.09454770680575059      0.02350030491319718      
0.1                      0.02000000000000018      
0.03305453584645562      0.08908050885642164      
0.02985974344004809      0.09454852667817124      
0.02666666666666665      0.1                      
0.03627623109303822      0.08366168729335199      
0.03943188240843323      0.07826767485561861      
0.0432986391642852       0.07297844327577258      
0.04672794055960201      0.06752939818691318      
0.04978874139400071      0.06199915394309075      
0.05193382670470372      0.05630692768611579      
0.05706407954446431      0.05385580568509207      
0.06203838948356186      0.05018851803134176      
0.06726480521788662      0.04666227433182923      
0.07272642405214021      0.04339551088117771      
0.07815119172783655      0.04003515503178068      
0.0835765299871709       0.03671880475317164      
0.08903646161847724      0.03340600744658288      
0.09452875310184944      0.0300696027802642       
0.1                      0.02666666666666684      
0.03986287936571827      0.08917060375538938      
0.03656459810759088      0.09456363896290308      
0.03333333333333332      0.1                      
0.04316889293403867      0.08377426958916566      
0.04648170277042066      0.07831248644046383      
0.04991822059860753      0.0728505505587192       
0.05330112877052434      0.06719495350281088      
0.05673371635979432      0.06087390850909304      
0.06221854611242576      0.05660026826797526      
0.06753357833257534      0.05336464702707697      
0.07284561985484866      0.05001863259342898      
0.07823590455153964      0.04669279371062349      
0.08364692268153585      0.04335918754447272      
0.08908005264429932      0.04003344398124518      
0.09453639854538372      0.03669650713856847      
0.1                      0.03333333333333349      
0.04657491580554472      0.08916855114530053      
0.04327479167768963      0.09458190500391979      
0.03999999999999998      0.1                      
0.0498841514531512       0.08373465342178604      
0.05318843006400817      0.0782693269417209       
0.05647727783130232      0.07272245882047267      
0.0597923766762521       0.06723542661884813      
0.06265409908370041      0.06222376389743915      
0.06783167797538588      0.06002434607533359      
0.07300243135134324      0.05669384286255295      
0.0783332136186979       0.05334374880043075      
0.08371351063695716      0.0500087740145999       
0.0891235424186162       0.04667875153476551      
0.09455450272298449      0.04334541168872642      
0.1                      0.04000000000000015      
0.05328653194685562      0.0891644334021445       
0.04997016177069556      0.09458464816008066      
0.04666666666666665      0.1                      
0.05660408758385273      0.08371872075536799      
0.05981449271975726      0.078232411993798        
0.06290169094724474      0.07267153095279962      
0.06694749736394107      0.0670216450681374       
0.07304630096301502      0.06341663342925653      
0.07842427569526568      0.05999518946930005      
0.0837792038550302       0.05665557030723332      
0.08916688078458962      0.05333193691528352      
0.09457578643100779      0.05000195507008307      
0.1                      0.0466666666666668       
0.05998644204839284      0.08918198351806339      
0.05666586767197233      0.09458444476572737      
0.05333333333333332      0.1                      
0.0633288555587876       0.08375482310031415      
0.06639352347582525      0.07829882413079638      
0.06853164872752676      0.07311177232534147      
0.07338638729731159      0.07008441810117813      
0.0785416311395855       0.06658502047922871      
0.08384334323429654      0.06327716225415303      
0.08919800932330728      0.05998188909605979      
0.09458680045252744      0.05666543032889861      
0.1                      0.05333333333333345      
0.06657360472837849      0.08904102592810798      
0.0632681115936481       0.09452684306040364      
0.05999999999999998      0.1                      
0.06990123986766263      0.08330321962003207      
0.0732795772092783       0.07720743059556069      
0.07861211558309164      0.07292602032279905      
0.0839317551134241       0.06986286922963487      
0.08925132560660608      0.0666123607904386       
0.09460892111302578      0.06331772284430963      
0.1                      0.0600000000000001       
0.07306656651116492      0.08896885874159037      
0.06988833658997701      0.09450709295328245      
0.06666666666666664      0.1                      
0.07620223653455183      0.08341010092298282      
0.07896561826916954      0.07853944713419343      
0.08404368011898608      0.07651464439511335      
0.08929843499797874      0.07326200713607642      
0.09463207733391353      0.06997274598416241      
0.1                      0.06666666666666675      
0.07941194011662893      0.08904579848372159      
0.0764221728778675       0.0945059513981491       
0.07333333333333331      0.1                      
0.08321224731116773      0.08337117511205427      
0.08929326964581512      0.07996655214740266      
0.09463974947804604      0.07664270360004918      
0.1                      0.0733333333333334       
0.08483090179757827      0.08952548553485329      
0.08283365060456192      0.09451417935070287      
0.07999999999999997      0.1                      
0.08973808469544454      0.08659619716611283      
0.09477487418751096      0.08329163920033973      
0.1                      0.08000000000000006      
0.08973467937576393      0.09396889819615692      
0.08666666666666664      0.1                      
0.09497813364963843      0.08987773251446386      
0.1                      0.0866666666666667       
0.09562116363911113      0.09540966052417368      
0.09333333333333331      0.1                      
0.1                      0.09333333333333335      
0.1                      0.1     